 ---------------------------------------------------------------
 Module 1  0.55500140784269492        86.099999956786633        82.334055891120371     
 Module 2  0.17339413696331993        94.500000000000000        90.725033833969363     
 Module 3  0.92620867971643028        90.619235945451862        98.527312523503824     
 ---------------------------------------------------------------
 ---------------------------------------------------------------
 Module 1  0.56061053323817289        85.099999979138374        83.097512040109379     
 Module 2  0.18807888670284492        94.500000000000000        90.160452664534034     
 Module 3  0.93288946322416233        91.426840440447549        98.679843900537875     
 ---------------------------------------------------------------

